RISK_RATIO	ILLEGAL_PROC	LEGAL_PROC	INSPECTED_PLAYER	INSPECCT_POWER	CARGO_SIZE	WON_ROUNDS	LOST_ROUNDS	ACTION
Float	Float	Float	Int	Int	Int	Int	Int	MultiString
0.9728390574455261	0.0	0.0	3	3	4	0	0	3;0;2
0.8991065621376038	0.0	0.0	1	3	4	0	0	0;2;3
0.08886277675628662	0.0	0.0	1	3	4	0	0	2;0;1
0.6536457538604736	0.0	0.0	0	3	4	0	0	1;0;3
0.8109350800514221	0.0	0.0	2	3	4	0	0	0;1;3
0.5963983535766602	0.0	0.0	1	3	4	0	0	2;0;1
0.23513519763946533	0.0	0.0	2	3	4	0	0	1;0;3
0.5867683291435242	0.0	0.0	3	3	4	0	0	0;2;3
0.959570586681366	0.0	0.0	0	3	4	0	0	1;0;2
0.058267831802368164	0.0	0.0	3	3	4	0	0	0;2;3
0.3717997670173645	0.0	0.0	0	3	4	0	0	0;2;3
0.3055475950241089	0.0	0.0	3	3	4	0	0	2;1;0
0.5587152242660522	0.0	0.0	2	3	4	0	0	3;1;0
0.09817743301391602	0.0	0.0	0	3	4	0	0	0;2;3
0.3504711389541626	0.0	0.0	1	3	4	0	0	3;0;1
